1. 28.735554723520544, 77.01308634737599
2. 28.735958652034434, 77.01351258324142
3. 28.73637876625189, 77.0139558986819
4. 28.73677460957972, 77.01437593143407
5. 28.73621586881837, 77.01476899661563
6. 28.73563362652026, 77.01517859475209
7. 28.735090774121794, 77.01556048272468
8. 28.734526406231925, 77.01595750650107
9. 28.733946480986734, 77.01636547462788
10. 28.733421834004073, 77.01673455538189
11. 28.73310455556853, 77.01696006628602
12. 28.733377334521716, 77.01753575316717
13. 28.733641245284975, 77.01809272415935
14. 28.73386327848468, 77.0185613145647
15. 28.734094179874315, 77.01904862085904
16. 28.734328184023266, 77.01954186884448
17. 28.73494320941742, 77.01986636423429
18. 28.735607283565745, 77.02021673838416
19. 28.73629205015724, 77.02057803013594
