1. 28.73582222222222, 77.01333611111112
10. 28.733991666666668, 77.01614166666667
11. 28.733600000000003, 77.01614166666667
12. 28.733991666666668, 77.01670277777778
13. 28.733991666666668, 77.01726388888889
14. 28.734155555555557, 77.017825
15. 28.734533333333335, 77.01838611111111
16. 28.73471111111111, 77.01894722222222
17. 28.735266666666668, 77.01894722222222
18. 28.73582222222222, 77.01894722222222
19. 28.73668888888889, 77.02006944444445
2. 28.736150000000002, 77.01333611111112
3. 28.73668888888889, 77.01445833333334
4. 28.73668888888889, 77.01389722222223
5. 28.736150000000002, 77.01445833333334
6. 28.736150000000002, 77.01558055555556
7. 28.735611111111112, 77.01501944444445
8. 28.73507222222222, 77.01558055555556
9. 28.734155555555557, 77.01614166666667
