1. 28.73582222222222, 77.01333611111112
10. 28.735611111111112, 77.01501944444445
11. 28.735611111111112, 77.01501944444445
12. 28.73507222222222, 77.01558055555556
13. 28.73507222222222, 77.01558055555556
14. 28.734155555555557, 77.01558055555556
15. 28.734155555555557, 77.01614166666667
16. 28.733991666666668, 77.01614166666667
17. 28.733600000000003, 77.01614166666667
18. 28.733600000000003, 77.01558055555556
19. 28.733600000000003, 77.01670277777778
2. 28.73582222222222, 77.01333611111112
20. 28.733600000000003, 77.01726388888889
21. 28.733991666666668, 77.01726388888889
22. 28.73748888888889, 77.15585833333334
23. 28.734155555555557, 77.017825
24. 28.734533333333335, 77.017825
25. 28.734533333333335, 77.017825
26. 28.734533333333335, 77.01894722222222
27. 28.73471111111111, 77.01894722222222
28. 28.73507222222222, 77.01894722222222
29. 28.735266666666668, 77.01894722222222
3. 28.736150000000002, 77.01333611111112
30. 28.735611111111112, 77.01950833333333
31. 28.736150000000002, 77.01950833333333
32. 28.73668888888889, 77.01950833333333
4. 28.732913888888888, 77.38984166666667
5. 28.73668888888889, 77.01389722222223
6. 28.73668888888889, 77.01389722222223
7. 28.736150000000002, 77.01445833333334
8. 28.736150000000002, 77.01445833333334
9. 28.73637777777778, 77.01501944444445
