1. 28.735554723520544, 77.01308634737599
2. 28.735782037445567, 77.01332621493727
3. 28.736049815629496, 77.01360878143615
4. 28.736297837734078, 77.01387050080668
5. 28.736550620339706, 77.01413724358163
6. 28.73677460957972, 77.01437593143407
7. 28.73644393302724, 77.01460855709543
8. 28.736106305315996, 77.0148460727857
9. 28.735776952793756, 77.01507776701298
10. 28.7354684537478, 77.0152947911535
11. 28.73514174928604, 77.01552462251261
12. 28.73480544560504, 77.0157612067688
13. 28.73446550084088, 77.01600035246872
14. 28.73414376149252, 77.01622669095003
15. 28.73382599423488, 77.01645023512911
16. 28.733526432393045, 77.0166609720896
17. 28.733209327150526, 77.01688405055164
18. 28.73310406289131, 77.01695902651441
19. 28.733261883826902, 77.01729210002
20. 28.733424303083194, 77.0176348780606
21. 28.733578675278252, 77.01796067316494
22. 28.7337092347411, 77.01823621264145
23. 28.733815981471725, 77.01846149649019
24. 28.73393176061802, 77.01870584281843
25. 28.734064947692694, 77.01898692774354
26. 28.734216692275925, 77.01930717739928
27. 28.734328567216657, 77.0195420710223
28. 28.734718658089708, 77.0197478880359
29. 28.735138254853943, 77.0199692727411
30. 28.735560917165316, 77.02019227486879
31. 28.73598664502382, 77.020416894419
32. 28.73638631573167, 77.02062776587792
