1. 28.735552819320127, 77.01308433801421
2. 28.735944608556345, 77.01349776419836
3. 28.736348537070235, 77.0139240000638
4. 28.736767223137374, 77.01436580848295
5. 28.736771299504117, 77.01437826001927
6. 28.73621355176545, 77.01477062662526
7. 28.73564355674706, 77.01517160899648
8. 28.73504906716923, 77.01558982289818
9. 28.734458549682117, 77.01600524249764
10. 28.733861081036245, 77.01642555212601
11. 28.733307636395857, 77.01681489157124
12. 28.73310455556853, 77.01696006628602
13. 28.7333768418445, 77.01753471339555
14. 28.733644694025504, 77.0181000025606
15. 28.733859665518413, 77.0185536895729
16. 28.73407824997759, 77.019015001577
17. 28.734328184023266, 77.01954186884448
18. 28.734974631275563, 77.01988294281496
19. 28.73564100458424, 77.0202345300317
20. 28.73630737789292, 77.02058611724846
