1. 28.73555448549549, 77.01308609620577
2. 28.735853921011387, 77.01340206834408
3. 28.736219289466792, 77.01378761463367
4. 28.73666820471558, 77.01426132167092
5. 28.736774940587278, 77.01437569857556
6. 28.736161914586084, 77.01480695255437
7. 28.73562965442954, 77.01518138905432
8. 28.735014642382986, 77.01561404018425
9. 28.73463994182502, 77.01587763602875
10. 28.73423611260177, 77.016161723423
11. 28.733847509726285, 77.01643509932532
12. 28.73350888899236, 77.01667331359116
13. 28.73310406289131, 77.01695902651441
14. 28.733376513393022, 77.01753402021448
15. 28.73365471179561, 77.01812114458333
16. 28.73393438822985, 77.01871138826702
17. 28.734161840878958, 77.01919141616008
18. 28.734333548730756, 77.01954469933386
19. 28.734838980814796, 77.01981137186917
20. 28.73536280618165, 77.02008774893949
21. 28.735833367667023, 77.02033602329381
22. 28.736266376199975, 77.02056448422246
23. 28.736715478855395, 77.02080143661927
