1. 28.73582222222222, 77.012775
10. 28.73507222222222, 77.01670277777778
11. 28.734533333333335, 77.01670277777778
12. 28.733600000000003, 77.01670277777778
13. 28.733452777777778, 77.01614166666667
14. 28.733600000000003, 77.01670277777778
15. 28.733991666666668, 77.01726388888889
16. 28.734155555555557, 77.017825
17. 28.73471111111111, 77.01838611111111
18. 28.73507222222222, 77.01894722222222
19. 28.73471111111111, 77.01950833333333
2. 28.736150000000002, 77.01333611111112
20. 28.73748888888889, 77.234975
21. 28.736150000000002, 77.01950833333333
22. 28.73776666666667, 77.21814166666667
23. 28.737230555555556, 77.02006944444445
3. 28.73668888888889, 77.01445833333334
4. 28.73668888888889, 77.01389722222223
5. 28.73668888888889, 77.01389722222223
6. 28.73668888888889, 77.01445833333334
7. 28.73582222222222, 77.01501944444445
8. 28.735611111111112, 77.01558055555556
9. 28.73471111111111, 77.01558055555556
